Solução:
x1 = 0.2549019607843137
x2 = 0.6078431372549019
x3 = 0.6862745098039216
Residuo normal: 0.0
