Solução:
x1 = 1.2281687867194953
x2 = 1.2501302205913827
x3 = -0.8147981645710204
x4 = -0.7206780689616425
Residuo normal: 4.577566798522237e-16
