Solution:
x1 = -0.12508559940964312
x2 = 2.562303526986038
x3 = -0.7000064331493167
x4 = 1.2396096150734315
x5 = -1.691355667127451
x6 = -1.5178743552949168
x7 = -0.3298241559962176
x8 = 0.5329223493490552
x9 = -0.5241139447063202
x10 = -0.6686045962941825
x11 = 0.5755003686910489
x12 = -2.985560313111759
x13 = -0.9031280765910961
x14 = 0.06348629919704801
x15 = 0.24067224300530746
x16 = 0.7453196042677143
x17 = -1.5187976981910125
x18 = 0.6681342345489679
x19 = 1.6447101729445401
x20 = -2.008999210314972
x21 = -0.8521958477258085
x22 = 2.1999281165761757
x23 = -0.43131971681765247
x24 = 0.16726556413725827
x25 = 2.328483916756759
x26 = 2.846813074743527
x27 = 0.4827534575006997
x28 = 0.9988943558897343
x29 = -0.19503550517490412
x30 = 1.2843161508008498
x31 = 1.1956942669922266
x32 = -3.1552415150322264
x33 = -0.08689085614593121
x34 = -0.6626760624691709
x35 = 2.7731542347725204
x36 = -5.812351638509028
x37 = 2.009329871751139
x38 = -1.5091709409880694
x39 = -2.0950050291566717
x40 = -0.45391840392110294
x41 = 0.8734117937499261
x42 = 2.550141860891317
x43 = 1.9532641987598138
x44 = 1.7216513693039326
x45 = 0.65723047207963
x46 = -2.4840054542497594
x47 = 1.2385642660069975
x48 = 0.2069619708772284
x49 = -2.7949615122225877
x50 = -0.030932382790472765
x51 = -2.374602600898175
x52 = 1.7867332426382698
x53 = 0.6198039785458769
x54 = -1.5557821932126958
x55 = 0.3276784297828515
x56 = -1.2986109785116928
x57 = 0.28665367742950915
x58 = -2.6922509223927773
x59 = 1.7817783852893254
x60 = 0.17665242533109848
x61 = 2.07728561440004
x62 = 2.2958992496764767
x63 = 1.6877740721807852
x64 = -2.068872205910572
x65 = -0.30219050921926105
x66 = -1.2195558314779495
x67 = -2.9561156245988998
x68 = 0.3313872655470766
x69 = -0.38577993112776765
x70 = -1.3701495726841042
x71 = -0.03698122826803394
x72 = -0.7790926049670898
x73 = -0.4236398919602833
x74 = 2.057498914068285
x75 = 2.2006719743969088
x76 = -0.1675711081942046
x77 = -2.6367534242045703
x78 = 0.9748098470723673
x79 = -0.6999429164098289
x80 = 1.5997783050159724
x81 = -0.4874512639173538
x82 = 0.6943413916249261
x83 = 0.17715054820503476
x84 = -1.1406693614499277
x85 = -2.217136115237349
x86 = -0.5488003766230212
x87 = -0.7039625566407576
x88 = -0.2736878282133321
Residual norm: 9.570654779782084e-12
