Solução:
x1 = -0.12508559940753725
x2 = 2.562303526977534
x3 = -0.7000064331502296
x4 = 1.2396096150664955
x5 = -1.691355667127507
x6 = -1.5178743553049352
x7 = -0.32982415599814846
x8 = 0.532922349347933
x9 = -0.524113944712633
x10 = -0.668604596278824
x11 = 0.5755003686990114
x12 = -2.9855603131090964
x13 = -0.9031280765948192
x14 = 0.06348629918171282
x15 = 0.2406722429961856
x16 = 0.7453196042672042
x17 = -1.518797698187659
x18 = 0.6681342345387469
x19 = 1.6447101729448834
x20 = -2.0089992103131924
x21 = -0.8521958477277676
x22 = 2.199928116583673
x23 = -0.4313197168143642
x24 = 0.1672655641258597
x25 = 2.328483916751876
x26 = 2.8468130747393796
x27 = 0.48275345750845405
x28 = 0.9988943558917509
x29 = -0.19503550518119436
x30 = 1.2843161507922984
x31 = 1.1956942669889412
x32 = -3.1552415150347186
x33 = -0.08689085615980639
x34 = -0.6626760624677445
x35 = 2.773154234782897
x36 = -5.812351638508586
x37 = 2.009329871756833
x38 = -1.5091709409905136
x39 = -2.095005029164768
x40 = -0.45391840392005567
x41 = 0.8734117937541073
x42 = 2.5501418608918693
x43 = 1.9532641987539117
x44 = 1.7216513692921573
x45 = 0.6572304720720415
x46 = -2.4840054542562924
x47 = 1.2385642660071328
x48 = 0.206961970883223
x49 = -2.794961512222477
x50 = -0.030932382787449628
x51 = -2.374602600902801
x52 = 1.7867332426376068
x53 = 0.619803978545725
x54 = -1.5557821932129785
x55 = 0.3276784297824197
x56 = -1.2986109785111863
x57 = 0.28665367742927034
x58 = -2.69225092239278
x59 = 1.781778385289127
x60 = 0.1766524253304279
x61 = 2.077285614400355
x62 = 2.295899249676952
x63 = 1.687774072180854
x64 = -2.06887220591071
x65 = -0.30219050921927887
x66 = -1.2195558314778925
x67 = -2.9561156245992186
x68 = 0.3313872655469985
x69 = -0.3857799311278377
x70 = -1.3701495726842972
x71 = -0.03698122826816378
x72 = -0.7790926049671575
x73 = -0.4236398919604145
x74 = 2.057498914068198
x75 = 2.200671974397187
x76 = -0.16757110819409363
x77 = -2.63675342420469
x78 = 0.9748098470724026
x79 = -0.6999429164099593
x80 = 1.5997783050161398
x81 = -0.4874512639174
x82 = 0.6943413916250507
x83 = 0.17715054820509346
x84 = -1.140669361450025
x85 = -2.2171361152374187
x86 = -0.548800376623024
x87 = -0.7039625566407424
x88 = -0.27368782821333004
Residuo normal: 5.8575844072173385e-12
